11111111111111111111111111111111111111111111111111111111111111111111111111111111111111111111111111111111111111111111111111111111
10000000000000000000000000000000000000000000000000000000000000000000000000000000000000000000000000000000000000000000000000000001
10000000000000000000000000000000000000000000000000000000000000000000000000000000000000000000000000000000000000000000000000000001
10110011001100110011001100110011001100110011001100110011001100110011001100110011001100110011001100110011001100110011001100110011
10110011001100110011001100110011001100110011001100110011001100110011001100110011001100110011001100110011001100110011001100110011
10000000000000000000000000000000000000000000000000000000000000000000000000000000000000000000000000000000000000000000000000000001
10000000000000000000000000000000000000000000000000000000000000000000000000000000000000000000000000000000000000000000000000000001
11001100110011001100110011001100110011001100110011001100110011001100110011001100110011001100110011001100110011001100110011001101
11001100110011001100110011001100110011001100110011001100110011001100110011001100110011001100110011001100110011001100110011001101
10000000000000000000000000000000000000000000000000000000000000000000000000000000000000000000000000000000000000000000000000000001
10000000000000000000000000000000000000000000000000000000000000000000000000000000000000000000000000000000000000000000000000000001
10110011001100110011001100110011001100110011001100110011001100000011001100110011001100110011001100110011001100110011001100110011
10110011001100110011001100110011001100110011001100110011001100110011001100110011001100110011001100110011001100110011001100110011
10000000000000000000000000000000000000000000000000000000000000110000000000000000000000000000000000000000000000000000000000000001
10000000000000000000000000000000000000000000000000000000000000110000000000000000000000000000000000000000000000000000000000000001
11001100110011001100110011001100110011001100110011001100110000110000110011001100110011001100110011001100110011001100110011001101
11001100110011001100110011001100110011001100110011001100110000110000110011001100110011001100110011001100110011001100110011001101
10000000000000000000000000000000000000000000000000000000000000110000000000000000000000000000000000000000000000000000000000000001
10000000000000000000000000000000000000000000000000000000000000110000000000000000000000000000000000000000000000000000000000000001
10110011001100110011001100110011001100110011001100110000000111111110000000110011001100110011001100110011001100110011001100110011
10110011001100110011001100110011001100110011001100100001111111111111111000010011001100110011001100110011001100110011001100110011
10000000000000000000000000000000000000000000000000001111111111111111111111000000000000000000000000000000000000000000000000000001
10000000000000000000000000000000000000000000000001111111111111111111111111111000000000000000000000000000000000000000000000000001
11001100110011001100110011001100110011001100000111111111111111111111111111111110000011001100110011001100110011001100110011001101
11001100110011001100110011001100110011001100011110000110000110000110000110000111100011001100110011001100110011001100110011001101
10000000000000000000000000000000000000000001111110110110110110110110110110110111111000000000000000000000000000000000000000000001
10000000000000000000000000000000000000000011111110111110110110110110110110110111111100000000000000000000000000000000000000000001
10110011001100110011001100110011001100000111111110100110000110100110110110000111111110000011001100110011001100110011001100110011
10110011001100110011001100110011001100001111111110110110110110110110110110110111111111000011001100110011001100110011001100110011
10000000000000000000000000000000000000011111111110110110110110110110110110110111111111100000000000000000000000000000000000000001
10000000000000000000000000000000000000111111111110000110110110110110000110110111111111110000000000000000000000000000000000000001
11001100110011001100110011001100110001111111111111111111111111111111111111111111111111111000110011001100110011001100110011001101
11001100110011001100110011001100110011111111111111111111111111111111111111111111111111111100110011001100110011001100110011001101
10000000000000000000000000000000000110110110011000010101000100111111000101110101000110001110000000000000000000000000000000000001
10000000000000000000000000000000000110110101101011010101011101011110110101110101010110111110000000000000000000000000000000000001
10110011001100110011001100110011001110000101101011110011000101011110111101110101010110001111001100110011001100110011001100110011
10110011001100110011001100110011001110000100001011010001011100011110111101110101010010111111001100110011001100110011001100110011
10000000000000000000000000000000011110110101101011010101011101011110110101110101011010111111100000000000000000000000000000000001
10000000000000000000000000000000011110110101101000010101000101011111000100010001000010001111100000000000000000000000000000000001
11001100110011001100110011001100111111111111111111111111111111111111111111111111111111111111110011001100110011001100110011001101
11001100110011001100110011001100111111111111111111111111111111111111111111111111111111111111110011001100110011001100110011001101
10000000000000000000000000000000111111111111111111111111111111111111111111111111111111111111110000000000000000000000000000000001
10000000000000000000000000000000111100000111111100000011111100110011111100000011111110000011110000000000000000000000000000000001
10110011001100110011001100110001111000000011111000000001111000110001111000000001111100000001111000110011001100110011001100110011
10110011001100110011001100110001110000000001110000000001110000110000111000000000111000000000111000110011001100110011001100110011
10000000000000000000000000000001110000000001110000000000110000110000110000000000111000000000111000000000000000000000000000000001
10000000000000000000000000000001110000000001110000000000110000110000110000000000111000000000111000000000000000000000000000000001
11001100110011001100110011001101100000000000110000000000110000110000110000000000110000000000011011001100110011001100110011001101
11001100110011001100110011001100000000000000000000000000000000110000000000000000000000000000000011001100110011001100110011001101
10000000000000000000000000000000000000000000000000000000000000110000000000000000000000000000000000000000000000000000000000000001
10000000000000000000000000000000000000000000000000000000000000110000000000000000000000000000000000000000000000000000000000000001
10110011001100110011001100110000000000000000000000000000000000110000000000000000000000000000000000110011001100110011001100110011
10110011001100110011001100110000000000000000000000000000000000110000000000000000000000000000000000110011001100110011001100110011
10000000000000000000000000000000000000000000000000000000000000110000000000000000000000000000000000000000000000000000000000000001
10000000000000000000000000000000000000000000000000000000000000110000000000000000000000000000000000000000000000000000000000000001
11001100110011001100110011001100000000000000000000000000000000110000000000000000000000000000000011001100110011001100110011001101
11001100110011001100110011001100000000000000000000000000000000110000000000000000000000000000000011001100110011001100110011001101
10000000000000000000000000000000000000000000000000000000000000110000000000000000000000000000000000000000000000000000000000000001
10000000000000000000000000000000000000000000000000000000000000110000000000000000000000000000000000000000000000000000000000000001
10110011001100110011001100110000000000000000000000000000000000110000000000000000000000000000000000110011001100110011001100110011
10110011001100110011001100110000000000000000000000000000000000110000000000000000000000000000000000110011001100110011001100110011
10000000000000000000000000000000000000000000000000000000000000110000000000000000000000000000000000000000000000000000000000000001
10000000000000000000000000000000000000000000000000000000000000000000000000000000000000000000000000000000000000000000000000000001
11111111111111111111111111111111111111111111111111111111111111111111111111111111111111111111111111111111111111111111111111111111